//Format of data:
>>> Run_number      Layer_num       Channel_no      Theta   Phi

****Theta: 45****

     -TANK45-          
475     1   6   45  0
474     1   6   45  0
473     1   6   45  0  
440     1   6   45  0
442     1   6   45  0 
443     1   6   45  0 
444     1   6   45  0 
445     1   6   45  0 
447     1   3   45  0
451     1   3   45  0
452     1   3   45  0
481     r80 r80   45  0
482     r80 r80   45  0

     -AWAY45-          
453     1   3   45  -90
449     1   3   45  -90
448     1   3   45  -90
447     sm  sm  45  -90
446     sm  sm  45  -90 
441     sm  sm  45  -90 
330     nm  nm  45  -90
476     1   3   45  -90  
480     r80   r80   45  -90  

****Theta: 50****

     -TANK50-          
319     nm  nm  50  0
320     nm  nm  50  0
333     nm  nm  50  0
341     nm  nm  50  0
342     nm  nm  50  0
343     nm  nm  50  0
344     nm  nm  50  0
431     pm  pm  50  0
430     pm  pm  50  0
425     pm  pm  50  0
416     pm  pm  50  0

     -AWAY50-
429     pm  pm  50 -90 
426     pm  pm  50 -90 
415     pm  pm  50 -90 
347     nm  nm  50 -90
321     nm  nm  50 -90
322     nm  nm  50 -90
336     nm  nm  50 -90
340     nm  nm  50 -90  
410     sm  sm  50 -90
430     pm  pm  50 -90

****Theta: 60****

     -TANK60-          
438     1  2  60  2
434     1  2  60  0
437     1  2  60  2


     -AWAY60-          
436     1  2  60 -90 
435     1  2  60 -90 
